6.114 1.05
6.660 1.05
6.750 1.05
6.750 1.1500000000000001
6.792 1.05
6.792 1.1500000000000001
6.792 1.2500000000000002
6.792 1.3500000000000003
6.792 1.4500000000000004
6.792 1.5500000000000005
6.792 1.6500000000000006
7.012 1.05
7.163 1.05
7.163 1.1500000000000001
7.163 1.2500000000000002
7.223 1.05
7.223 1.1500000000000001
7.223 1.2500000000000002
7.223 1.3500000000000003
7.278 1.05
7.900 1.05
8.000 1.05
8.000 1.1500000000000001
8.000 1.2500000000000002
8.000 1.3500000000000003
8.000 1.4500000000000004
8.000 1.5500000000000005
8.000 1.6500000000000006
10.540 1.05
10.540 1.1500000000000001
10.540 1.2500000000000002
10.540 1.3500000000000003
11.750 1.05
11.750 1.15
