0.0003 313.66 2.21
0.0012 309.69 0.41
0.0023 311.57 2.21
0.0033 310.36 0.63
0.0034 312.87 2.21
0.0044 312.56 2.21
0.0044 311.97 2.08
0.0046 311.81 3.12
0.0050 310.44 2.56
0.0052 311.28 0.41
0.0055 310.22 0.63
0.0064 312.36 2.21
0.0078 311.88 2.77
0.0080 312.84 2.56
0.0082 312.39 2.21
0.0092 311.80 2.21
0.0092 307.74 1.16
0.0100 309.80 0.64
0.0104 310.95 0.63
0.0108 311.21 0.63
0.0110 310.46 2.17
0.0118 308.48 0.64
0.0119 311.94 1.34
0.0121 311.52 2.21
0.0122 312.33 0.13
0.0131 307.41 1.16
0.0141 309.34 2.87
0.0143 307.26 1.16
0.0149 306.32 1.16
0.0161 309.63 0.63
0.0164 307.08 2.56
0.0172 305.94 1.16
0.0175 308.28 2.21
0.0177 308.26 0.63
0.0192 305.74 1.45
0.0206 305.38 0.07
0.0213 305.78 0.64
0.0215 305.71 0.94
0.0218 305.67 0.64
0.0222 308.02 3.18
0.0247 304.97 0.63
0.0253 304.72 1.72
0.0272 306.20 3.82
0.0275 303.18 0.94
0.0303 301.88 1.16
0.0313 304.61 2.21
0.0321 303.85 0.67
0.0342 301.92 0.63
0.0356 300.70 2.45
0.0375 301.30 0.63
0.0387 299.26 1.72
0.0389 297.73 1.72
0.0393 298.11 2.56
0.0402 297.87 1.16
0.0415 301.50 2.21
0.0442 299.63 0.64
0.0445 297.33 0.63
0.0446 299.02 0.63
0.0461 295.99 0.94
0.0483 295.61 1.33
0.0498 294.22 1.16
0.0511 297.05 2.21
0.0513 295.28 0.63
0.0562 293.81 0.94
0.0563 293.17 1.72
0.0569 295.32 0.64
0.0571 294.86 1.72
0.0576 295.17 0.63
0.0601 290.92 1.16
0.0610 292.34 0.68
0.0626 294.34 0.63
0.0644 288.12 2.01
0.0658 289.23 0.62
0.0662 289.76 0.94
0.0671 292.46 0.95
0.0700 287.77 1.16
0.0731 289.33 0.63
0.0763 291.56 2.21
0.0772 286.66 1.34
0.0800 286.33 1.16
0.0803 287.99 0.63
0.0816 289.54 1.72
0.0823 287.99 0.41
0.0833 285.05 1.68
0.0859 286.65 1.16
0.0870 285.35 0.94
0.0882 287.17 0.63
0.0912 286.63 0.41
0.0934 283.16 1.16
0.0953 285.57 0.63
0.0963 288.05 2.21
0.0989 285.47 0.63
0.0992 288.79 0.41
0.0997 284.00 1.16
0.1027 286.84 0.64
0.1041 283.62 1.34
0.1053 283.18 1.16
0.1055 283.53 1.16
0.1067 281.58 1.16
0.1092 283.65 0.63
0.1133 284.15 0.94
0.1168 283.82 0.94
0.1171 285.09 0.95
0.1231 285.91 0.64
0.1253 281.36 0.94
0.1363 284.43 0.94
0.1507 282.80 0.79
0.1535 280.40 1.72
0.1541 282.30 0.63
0.1559 281.62 0.94
0.1697 273.07 0.41
0.1705 280.24 0.63
0.1765 277.86 0.94
0.1863 276.40 0.94
0.1871 277.16 0.63
0.1979 278.00 0.63
0.1981 276.46 0.94
0.2009 277.60 0.63
0.2087 276.81 0.94
0.2161 278.31 0.94
0.2270 277.01 0.94
0.2271 278.27 1.27
0.2559 277.36 0.63
0.2603 276.32 0.94
0.2681 276.66 0.63
0.3009 278.02 0.63
0.3102 276.69 0.94
0.3214 273.78 0.41
0.3405 271.11 0.41
0.3466 275.07 0.63
0.3590 279.36 0.95
0.3618 281.11 0.94
0.3770 282.57 0.64
0.3901 281.83 0.94
0.4004 283.53 1.27
0.4203 283.95 0.64
0.4485 283.12 0.64
0.4806 280.31 1.27
0.5008 282.23 0.95
0.5212 279.73 0.41
0.5391 279.70 0.94
0.5597 280.91 0.63
0.6012 278.36 0.41
0.6199 284.07 0.64
0.6426 281.58 0.94
0.6718 278.43 0.41
0.6905 282.20 0.94
0.6987 282.41 0.63
0.7390 283.69 0.94
0.7502 284.54 0.64
0.7840 283.97 1.41
0.8037 284.51 1.27
0.8344 282.84 0.94
0.8506 283.09 0.64
0.8798 282.84 0.94
0.9008 280.97 0.63
0.9099 280.92 0.94
0.9307 280.06 0.63
0.9324 279.80 1.34
0.9673 278.74 1.41
0.9923 277.41 0.41
1.0359 280.11 2.21
1.0746 279.42 1.41
1.1277 278.62 1.41
1.1569 279.72 2.21
1.1877 279.29 2.21
1.2196 279.99 0.41
1.2488 277.10 0.41
1.2808 278.45 0.41
1.3130 279.59 0.41
1.3355 277.87 0.41
1.3676 276.20 0.41
1.3925 278.46 3.85
1.3984 276.56 0.41
1.4320 276.79 0.94
1.4619 277.11 0.41
1.5131 280.00 0.41
1.5436 279.13 0.41
1.5658 277.25 0.41
1.5927 277.80 0.41
1.6325 281.69 0.41
1.6544 280.91 0.41
1.6756 280.24 2.56
1.6839 278.31 0.62
1.7094 280.25 0.62
1.7755 277.56 0.41
1.7965 278.07 0.41
1.8140 278.10 1.00
1.8460 277.50 1.00
1.8940 277.40 1.00
1.9200 277.90 1.00
1.9490 276.70 1.00
1.9997 278.00 1.20
2.0934 276.90 0.70
2.2342 276.70 0.80
2.2655 276.70 0.80
2.4143 277.60 1.30
2.5261 277.90 0.50
2.6280 273.90 1.10
2.7085 278.90 0.60
2.8018 275.30 1.60
2.9045 274.70 1.20
2.9488 276.30 0.90
3.0566 274.60 0.80
3.2557 276.30 1.50
3.2837 273.10 1.10
3.4311 274.00 0.30
3.5283 275.00 0.60
3.6445 273.40 1.30
3.6934 273.00 0.80
3.8069 271.50 1.00
3.8562 275.40 0.50
3.9690 274.90 1.30
4.1087 271.70 1.00
4.2058 271.60 0.70
4.2751 272.80 0.80
4.3428 271.50 0.90
4.4944 271.10 0.80
4.5928 269.10 0.60
4.6475 269.80 1.00
4.7730 271.50 0.80
4.9212 270.70 0.50
4.9816 269.30 1.00
5.0868 268.60 1.10
5.2186 269.80 1.20
5.3112 267.60 0.60
5.3575 265.30 1.70
5.5333 265.20 0.80
5.5813 267.60 2.00
5.7576 265.90 0.90
5.8523 265.50 0.80
5.9341 260.70 1.60
5.9994 266.70 0.90
6.0898 265.50 0.80
6.3020 263.20 0.60
6.3372 262.70 0.90
6.4012 261.20 0.70
6.5723 261.10 0.40
6.6825 259.40 0.60
6.7697 262.10 0.90
6.8803 262.90 0.50
6.9701 258.10 1.40
7.0383 257.60 0.90
7.1881 262.30 0.90
7.2740 263.00 0.70
7.4053 260.70 0.60
7.4979 258.40 0.80
7.6614 260.10 0.60
7.7196 260.40 0.40
7.8602 259.70 0.90
7.9264 259.20 0.70
7.9759 260.80 1.40
8.1163 259.60 0.50
8.1948 259.30 0.90
8.3519 258.30 1.20
8.4597 261.30 0.90
8.5466 260.70 0.40
8.7107 261.80 1.00
8.7813 259.00 1.10
8.9119 260.90 0.70
8.9930 260.40 0.60
9.0602 259.30 1.00
9.1430 262.00 0.80
9.2953 263.70 1.20
9.3611 263.80 0.80
9.4367 265.20 0.90
9.5181 260.60 1.70
9.5244 260.90 0.60
9.5559 263.00 0.40
9.5733 263.80 1.20
9.9010 264.40 0.40
9.9926 264.20 0.90
10.1345 264.00 0.30
10.1930 263.40 0.10
10.2996 265.70 0.50
10.3666 264.90 0.40
10.5056 267.50 0.40
10.6805 266.90 0.60
10.8018 266.00 1.10
10.8357 265.10 1.60
10.9545 267.60 0.70
11.0896 264.80 0.60
11.1611 264.80 0.40
11.1859 265.00 0.80
11.2006 265.30 0.40
11.2566 264.40 1.50
11.3170 264.10 0.70
11.3394 264.81 1.67
11.3832 264.84 1.29
11.3999 268.16 2.55
11.4175 264.48 2.04
11.4359 270.14 2.11
11.4531 268.87 0.70
11.4728 269.10 2.52
11.4904 267.17 0.85
11.5072 267.66 1.15
11.5239 269.51 0.85
11.5436 266.90 0.66
11.5596 262.74 1.42
11.5764 267.09 0.50
11.5922 260.70 0.29
11.6113 261.30 1.52
11.6290 266.22 2.41
11.6479 257.13 1.34
11.6645 247.55 0.34
11.6828 254.62 0.88
11.7014 253.99 1.46
11.7197 256.04 1.26
11.7407 255.89 1.40
11.7592 258.74 1.48
11.7807 258.25 0.33
11.8028 258.53 1.78
11.8205 257.17 1.48
11.8433 254.31 1.34
11.8631 253.63 1.59
11.8832 251.56 0.58
11.9049 255.90 1.16
11.9270 258.57 5.26
11.9481 248.92 2.04
11.9696 253.99 1.30
11.9907 255.39 1.39
12.0159 247.85 1.45
12.0373 248.41 0.35
12.0588 253.10 0.70
12.0798 251.03 2.57
12.1052 255.66 1.99
12.1246 253.02 0.87
12.1465 251.14 1.41
12.1685 251.42 0.85
12.1904 250.97 0.73
12.2113 249.65 1.23
12.2329 249.23 1.60
12.2565 248.95 1.48
12.2808 249.38 1.33
12.3010 248.92 0.29
12.3213 250.73 1.37
12.3431 246.97 0.76
12.3653 244.31 1.16
12.3883 243.00 1.21
12.4094 246.40 1.45
12.4319 247.67 0.82
12.4548 245.83 0.56
12.4754 246.18 0.79
12.4958 244.42 1.18
12.5213 246.74 1.29
12.5437 249.92 1.72
12.5646 244.27 1.21
12.5866 247.02 0.27
12.6076 248.09 1.18
12.6299 246.94 0.45
12.6536 243.95 1.68
12.6739 242.53 0.96
12.6971 244.24 0.96
12.7198 241.59 1.07
12.7399 247.30 0.41
12.7626 240.02 1.12
12.7856 241.50 2.09
12.8093 242.23 1.95
12.8302 242.15 1.34
12.8527 239.35 1.29
12.8740 241.24 1.30
12.8934 239.44 0.79
12.9171 238.79 1.12
12.9392 238.18 2.82
12.9598 240.71 0.95
12.9809 237.15 0.81
13.0011 239.42 2.09
13.0219 234.68 0.19
13.0437 238.86 1.94
13.0666 237.91 2.24
13.0882 241.56 1.16
13.1284 234.82 0.11
13.1727 236.91 0.96
13.2162 239.41 0.69
13.2670 240.42 0.15
13.3041 236.86 0.34
13.4181 237.83 1.87
13.4867 240.25 1.41
13.5317 235.83 0.40
13.6008 243.86 0.12
13.6453 238.55 0.46
13.7128 241.59 1.23
13.7587 241.11 2.22
13.8272 239.08 0.10
13.8716 237.95 0.85
13.9402 240.57 0.57
14.0018 235.92 1.04
14.0229 237.87 1.09
14.0601 241.27 1.17
14.0845 232.88 1.52
14.1201 236.40 0.13
14.1566 239.24 0.42
14.1796 239.36 0.81
14.2056 238.36 1.89
14.2374 236.60 1.19
14.2730 240.21 1.33
14.2987 239.04 0.22
14.3086 235.80 1.10
14.3432 242.08 1.09
14.3545 238.39 0.49
14.3750 240.33 1.05
14.4106 242.55 1.42
14.4222 242.60 1.76
14.4433 240.95 0.35
14.4636 238.61 0.77
14.4972 242.06 2.25
14.5209 241.14 1.27
14.5313 243.17 0.81
14.5417 235.83 0.56
14.5529 241.73 0.42
14.5635 239.86 1.46
14.5759 239.77 1.74
14.5862 237.97 1.14
14.5955 235.31 0.61
14.6062 237.59 0.85
14.6194 237.97 0.76
14.6300 240.10 1.12
14.6452 238.12 0.60
14.6523 234.62 0.39
14.6641 233.42 0.29
14.6751 234.34 1.04
14.6864 237.49 0.29
14.6967 228.91 0.44
14.7070 228.18 0.77
14.7181 230.53 1.10
14.7309 234.54 1.23
14.7432 231.48 1.10
14.7585 227.90 0.75
14.7634 224.64 0.78
14.7763 227.39 1.12
14.7878 227.79 0.23
14.7991 228.50 1.02
14.8106 227.58 0.43
14.8224 226.51 0.70
14.8347 228.40 0.01
14.8448 227.87 0.41
14.8575 233.17 1.47
14.8692 232.22 0.59
14.8807 227.85 1.11
14.8925 230.63 1.24
14.9042 228.72 0.54
14.9159 228.36 0.53
14.9290 228.47 0.34
14.9537 228.89 1.23
14.9765 229.79 2.09
14.9873 227.65 1.22
15.0115 228.37 1.02
15.0348 225.38 0.84
15.0725 228.99 0.24
15.0958 234.47 0.02
15.1335 229.67 0.63
15.1565 228.81 0.89
15.1811 227.84 1.04
15.2189 230.18 0.33
15.2434 228.27 1.21
15.2807 225.77 0.92
15.3209 227.64 1.42
15.3452 228.92 0.96
15.3828 225.39 1.57
15.4101 224.74 0.75
15.4629 223.27 1.38
15.5464 223.53 0.35
15.6494 222.76 1.37
15.7048 222.16 0.57
15.7677 224.86 1.87
15.8450 222.36 0.44
15.9203 223.51 0.65
15.9365 223.77 0.64
15.9955 223.72 2.06
15.9990 224.41 0.18
16.0147 222.39 0.89
16.0338 224.48 1.43
16.0830 224.24 0.82
16.1141 222.41 1.31
16.1512 224.86 1.02
16.1667 226.19 0.07
16.1875 221.49 1.18
16.2087 227.32 1.21
16.2230 223.24 0.55
16.2406 220.49 1.06
16.2607 218.56 0.97
16.2787 214.22 0.59
16.2970 212.84 0.75
16.3174 214.60 0.60
16.3373 212.43 1.19
16.3542 214.83 1.20
16.3749 211.21 0.50
16.3919 209.51 0.82
16.4107 212.95 0.94
16.4313 211.79 1.81
16.4584 217.19 0.28
16.4720 213.94 1.11
16.5099 207.95 0.12
16.5535 208.65 0.52
16.5900 208.46 0.84
16.6559 213.15 0.81
16.7335 210.25 1.10
16.7975 205.53 0.96
16.8693 205.19 0.96
16.9288 202.93 0.68
16.9948 204.32 1.09
17.0918 202.10 1.05
17.1637 198.63 1.30
17.2362 198.29 0.78
17.2879 195.88 0.50
17.3119 194.65 0.27
17.3605 190.50 0.91
17.3853 193.02 0.39
17.4100 191.89 0.27
17.4350 190.76 0.47
17.4610 193.00 0.46
17.4853 191.48 0.50
17.5109 191.59 0.05
17.5346 192.37 0.61
17.5615 192.62 0.30
17.5863 196.96 0.86
17.6120 195.79 0.24
17.6379 193.21 1.23
17.6651 194.38 0.56
17.6912 191.52 1.33
17.7170 189.52 0.56
17.7437 190.41 0.24
17.7697 191.70 0.33
17.7976 187.25 0.66
17.8254 191.21 1.24
17.8546 189.52 0.72
17.8810 190.26 1.19
17.9072 191.72 0.26
17.9360 188.54 0.98
17.9658 188.66 0.10
17.9920 188.96 0.64
18.0245 187.79 1.10
18.0501 187.73 0.50
18.0816 188.64 0.47
18.1106 188.59 1.48
18.1398 184.88 0.23
18.1732 189.01 1.13
18.2018 185.65 0.95
18.2322 188.88 0.47
18.2647 188.52 1.16
18.2958 189.03 0.19
18.3244 187.12 0.84
18.3604 188.73 0.18
18.3912 188.21 1.16
18.4224 188.47 0.75
18.4578 187.45 1.07
18.4866 187.09 0.70
18.5200 187.67 0.14
18.5829 188.57 0.62
18.6774 193.90 0.50
18.7470 191.27 1.01
18.8036 192.97 1.10
18.8352 188.44 0.82
18.8669 188.50 0.53
18.9938 192.71 1.75
19.1528 191.09 1.12
19.2822 191.58 0.84
19.4427 191.52 1.30
19.5682 188.95 0.25
19.6295 191.42 0.59
19.7912 193.60 0.53
19.8839 196.06 0.42
20.0187 193.72 0.75
20.2133 190.47 1.21
20.4076 189.99 0.65
20.5368 193.93 0.69
20.6665 187.76 0.93
20.8284 192.66 1.09
20.9644 190.87 0.82
21.0677 188.40 0.87
21.2127 190.05 0.07
21.3452 187.24 1.16
21.5629 185.23 0.31
21.7906 187.96 0.22
21.9136 190.78 0.95
22.0556 187.38 1.55
22.2309 191.27 0.99
22.2922 187.22 0.45
22.3476 187.02 1.25
22.5501 184.68 0.20
22.6041 185.21 1.62
22.6508 188.49 0.23
22.7493 190.01 0.25
22.8336 186.13 0.13
22.9940 189.40 1.13
23.0138 190.53 0.64
23.1073 190.08 0.82
23.1850 188.60 0.87
23.2767 197.67 1.29
23.3584 193.53 1.72
23.4452 186.78 0.46
23.6005 187.99 0.41
23.8738 183.13 0.03
24.0777 184.68 0.62
24.2698 186.73 0.92
24.6436 180.57 2.72
25.1636 180.69 0.78
25.3511 182.66 0.08
25.5436 183.38 0.62
25.7860 186.54 0.58
26.0160 184.52 0.41
26.2545 184.57 0.52
26.3150 183.77 0.53
26.4607 186.01 0.81
26.5371 185.51 0.53
26.7037 185.44 0.33
26.8578 186.43 0.22
26.9549 188.08 0.80
27.0420 187.39 0.21
27.0848 186.27 0.06
27.1702 194.93 0.48
27.2801 190.06 0.47
27.4419 191.95 0.84
27.5028 191.23 1.92
27.5497 191.53 1.94
27.5864 191.95 0.38
27.6613 191.46 0.69
27.6870 192.71 0.08
27.7141 190.61 1.64
27.7186 189.30 0.32
27.8207 187.59 0.87
27.8664 190.58 0.49
27.8850 189.28 0.12
27.9271 188.99 0.39
27.9732 189.29 0.31
28.0973 189.96 0.64
28.2141 191.82 0.28
28.2716 191.59 0.32
28.3697 192.63 1.67
28.4139 189.16 0.24
28.4269 189.65 0.56
28.5774 193.10 0.05
28.6264 192.82 0.16
28.7243 193.80 0.20
28.8419 193.89 0.34
28.9027 192.69 0.54
28.9486 193.26 0.73
29.0089 192.87 0.49
29.1507 192.26 0.17
29.2053 188.10 0.03
29.2496 192.39 0.97
29.3239 191.01 0.89
29.3661 189.83 0.30
29.4102 189.21 0.66
29.6092 189.24 0.04
29.6812 189.77 0.25
29.7428 191.28 0.27
29.8378 190.97 0.16
29.9521 191.38 1.23
29.9990 191.57 0.22
30.1015 188.25 0.59
30.1817 188.48 0.62
30.2779 186.52 0.08
30.3127 185.99 0.60
30.4005 184.30 0.30
30.5288 182.94 0.43
30.7130 187.14 0.20
30.7757 190.33 0.73
31.1052 188.00 0.06
31.3564 188.48 0.78
31.5241 189.95 0.36
31.7921 193.71 1.23
31.8184 192.93 1.13
31.9339 192.51 0.11
32.0269 193.33 0.43
32.0796 193.91 1.12
32.1475 196.42 0.49
32.1506 196.91 1.31
32.3079 192.47 1.94
32.3612 195.25 0.28
32.4348 194.11 0.53
32.5111 194.61 0.37
32.5946 194.43 0.41
32.6778 195.08 0.29
32.7141 195.94 0.26
32.8131 199.30 2.55
32.8809 196.70 0.80
33.0090 196.33 0.46
33.1483 197.65 0.22
33.4175 196.90 0.54
33.4914 197.13 0.41
33.5553 197.80 0.27
33.7581 200.03 0.69
33.8410 195.63 0.74
33.8857 195.27 0.45
33.9075 194.46 0.66
33.9259 194.47 0.03
33.9570 196.47 0.45
33.9915 195.41 0.33
34.0642 195.93 1.02
34.1903 194.89 0.62
34.2508 195.79 0.76
34.3128 196.27 0.24
34.3344 196.20 0.32
34.5569 199.65 0.74
34.6026 199.49 0.64
34.6200 200.29 0.43
34.6478 198.89 0.98
34.7106 197.16 1.20
34.8256 202.80 0.03
34.8668 203.09 0.48
35.0896 198.78 0.57
35.1658 203.60 0.36
35.2817 205.38 0.10
35.3370 204.47 1.22
35.3594 203.62 0.87
35.3830 201.36 0.26
35.4458 200.30 0.80
35.4971 201.06 1.01
35.5085 202.04 0.90
35.5307 201.89 0.65
35.5680 201.83 0.99
35.6725 201.81 0.24
35.7016 200.50 0.63
35.8546 203.29 1.07
35.9483 198.80 0.37
36.0865 204.12 1.32
36.1731 201.78 0.23
36.2618 200.09 0.63
36.5063 198.96 0.95
36.5918 205.10 1.14
36.6696 203.77 0.16
36.7128 203.75 0.01
36.8202 202.76 1.16
36.9398 203.51 0.23
37.0234 206.36 1.13
37.1186 210.16 0.89
37.1432 207.35 0.16
37.2965 208.25 0.95
37.3020 209.66 0.59
37.3381 206.59 0.12
37.4310 212.51 1.47
37.4613 209.84 0.53
37.6186 214.30 0.40
37.6475 212.14 0.72
37.7772 212.09 1.62
37.8950 214.21 1.09
38.0003 211.21 0.68
38.0885 214.36 1.48
38.1656 208.34 0.59
38.1924 206.52 0.45
38.2842 207.41 0.17
38.3592 208.00 0.67
38.4128 210.79 0.64
38.4729 207.23 0.04
38.5332 210.08 0.40
38.5736 208.23 1.98
38.6218 204.79 0.46
38.6708 204.46 0.74
38.7234 206.54 0.31
38.8126 206.09 0.26
38.8747 205.65 0.02
38.9556 205.99 1.31
38.9768 202.34 1.42
39.0536 204.28 0.68
39.1205 207.32 0.20
39.2657 208.69 1.70
39.3032 209.50 0.47
39.3199 209.33 0.48
39.3398 207.87 0.79
39.3794 204.78 1.06
39.4029 191.53 0.90
39.4544 198.14 1.03
39.5154 200.40 1.36
39.6210 195.70 2.08
39.7092 196.67 1.06
39.7571 193.58 1.16
39.8850 193.87 0.20
39.9005 197.55 0.67
40.0427 192.60 2.21
40.1121 193.08 0.44
40.1453 193.69 0.42
40.3084 197.90 1.39
40.4859 201.32 1.37
40.5534 201.48 1.09
40.7543 200.47 0.74
40.9074 200.97 1.92
41.1679 201.53 1.88
41.3036 204.19 1.54
41.6060 205.49 0.99
41.7592 201.12 1.00
41.9007 199.89 1.36
42.3158 200.90 1.24
42.6283 204.83 0.19
42.8499 206.35 1.07
42.9681 204.26 0.76
43.1719 203.16 1.43
43.3507 201.66 1.81
43.5158 204.22 0.86
43.6612 203.18 1.05
43.8090 201.69 1.13
44.0952 204.31 0.92
44.2044 202.00 0.52
44.3505 206.22 1.86
44.4905 204.83 1.32
44.6555 212.29 0.85
44.8160 210.44 0.56
44.9962 211.49 0.35
45.1420 207.95 0.71
45.2804 213.92 0.82
45.4603 214.50 0.81
45.6961 217.51 2.16
45.8771 222.72 0.33
46.0573 221.77 1.74
46.1813 219.25 1.19
46.3085 218.35 1.45
46.6359 216.42 1.44
46.7464 214.18 0.99
46.8879 210.84 1.50
47.0863 210.27 0.53
47.3150 207.60 1.20
47.5244 204.26 0.98
47.7104 203.79 0.39
47.9438 205.66 0.97
48.2232 206.18 2.05
48.4279 200.98 0.56
48.9880 201.58 0.88
49.3030 200.12 0.40
49.4627 204.06 1.22
49.7283 203.87 1.26
50.0065 204.38 1.65
50.2205 206.74 0.48
50.5274 207.41 0.46
51.0292 207.64 0.91
51.4314 211.57 0.39
51.7795 215.08 1.77
52.0868 213.82 0.73
52.3848 219.08 0.28
52.5737 220.72 0.36
52.8007 221.15 1.09
53.1083 223.72 1.68
53.4005 223.26 0.89
53.8063 221.14 1.49
54.1566 220.37 0.85
54.3871 217.96 1.84
54.6946 213.89 1.14
55.0145 216.86 0.61
55.2935 208.19 0.72
55.5531 214.78 0.55
55.9095 210.27 1.23
56.2371 207.67 0.81
56.5036 212.44 0.67
57.2109 215.70 0.63
57.4763 217.38 2.49
57.8437 223.72 0.49
58.2170 224.35 0.80
58.4333 223.15 1.22
59.1051 231.29 0.15
59.3804 226.35 1.37
59.7335 223.45 0.70
60.1099 216.66 0.84
60.3731 212.87 0.71
60.5166 217.25 0.60
60.8176 213.78 1.38
61.0609 207.95 1.26
61.2348 210.57 1.01
61.5541 210.90 0.70
61.9007 206.38 1.20
62.5520 202.56 0.95
62.7746 202.71 2.34
62.9609 200.15 0.65
63.5558 197.40 1.22
63.8969 197.24 0.78
64.1138 199.73 1.31
64.6573 203.70 0.51
64.8674 201.67 1.19
65.0467 199.17 0.66
65.5464 208.98 3.34
65.7645 198.17 0.74
65.9372 200.59 1.46
66.4393 204.39 2.87
66.9597 207.21 1.69
67.3146 201.14 2.00
67.7297 203.76 1.06
68.1462 200.17 1.62
68.6200 203.43 0.57
69.0815 205.42 0.89
69.5920 211.26 1.13
70.0522 215.55 1.78
70.4273 220.33 0.55
70.9289 225.17 1.38
71.2792 235.02 1.24
71.6937 237.56 0.75
72.0928 239.46 0.88
72.4901 232.79 0.94
72.8660 232.33 0.97
73.2193 230.89 2.09
73.7510 232.74 0.94
74.2215 231.33 0.70
74.5256 241.24 0.98
75.0680 243.27 1.62
75.5451 249.52 0.74
75.8507 249.94 0.63
76.2475 239.34 1.12
76.6967 238.01 1.98
77.0565 231.68 1.54
77.6159 224.92 1.30
78.0808 226.65 0.84
78.5079 224.14 0.65
78.9695 227.30 0.56
79.4104 229.26 1.34
79.8778 234.74 0.72
80.3304 230.60 0.62
80.7218 233.92 1.46
81.2069 230.33 0.80
81.7114 234.13 1.17
82.0688 238.89 0.94
82.5267 240.87 1.64
82.9883 246.32 0.70
83.5541 247.10 1.00
83.9409 250.79 0.80
84.3574 243.16 0.76
84.9368 238.42 1.10
85.3675 234.69 0.60
85.8907 228.76 1.57
86.4983 223.38 0.72
87.0276 221.06 2.32
87.5812 223.63 0.93
88.1362 217.80 1.57
88.7010 223.99 0.50
89.2447 227.38 1.10
89.6963 228.88 0.58
90.3173 229.74 1.29
90.8340 231.56 0.57
91.4450 231.12 0.57
91.9497 233.74 1.11
92.6678 232.46 2.22
93.4247 235.16 0.83
93.8232 238.21 0.77
94.5685 242.41 0.53
95.2341 242.91 1.07
95.9215 246.20 1.54
96.4749 245.76 0.60
97.2709 242.35 2.04
97.9275 239.86 0.45
98.5837 243.18 0.23
99.3614 242.99 1.01
100.0768 245.63 1.07
100.5432 247.87 1.10
101.3257 244.76 1.13
101.9719 240.07 0.94
102.7648 237.07 1.75
103.3087 240.68 0.94
104.2743 247.76 0.83
104.3312 238.88 1.55
104.9664 242.36 2.65
105.5071 248.78 9.96
105.9899 257.58 4.20
106.2564 241.40 2.65
106.3683 244.83 3.05
106.9748 240.34 2.65
108.4019 236.43 2.65
109.1294 244.44 1.58
109.8400 244.13 2.65
110.5554 246.69 2.65
111.8768 257.93 2.94
112.6361 256.79 2.65
112.9417 263.12 2.65
113.1193 264.75 3.64
113.6786 260.58 2.65
114.2500 267.90 2.65
114.8154 275.07 2.65
115.4467 276.96 1.63
115.9086 273.16 2.65
116.4756 273.63 2.65
117.1856 274.03 2.65
117.6194 274.98 4.03
118.6583 277.72 2.65
119.2425 267.74 2.65
119.7155 274.59 1.30
120.1441 268.73 2.65
120.5429 276.82 2.65
121.4260 279.48 2.26
121.8420 276.61 2.65
122.1000 278.25 3.40
122.2924 279.00 2.65
123.0140 279.16 2.65
123.6309 274.60 6.56
123.9595 275.87 2.65
124.4045 281.54 2.65
124.8175 275.52 2.65
125.2926 276.81 2.78
126.0137 275.15 2.65
126.6999 273.02 2.65
126.9620 274.93 2.65
127.3138 275.78 2.65
127.5035 276.88 3.83
128.0245 276.03 0.28
128.1727 280.72 2.65
128.4667 285.76 2.65
128.8780 271.08 2.65
129.0780 268.44 1.92
129.6556 260.61 3.45
130.3730 251.84 2.65
130.8184 250.84 2.65
131.3222 241.13 1.89
131.9762 232.28 2.65
132.7099 228.00 2.65
132.9320 224.63 2.65
133.7758 222.74 2.65
134.5223 212.43 2.65
136.5655 203.74 0.79
137.7634 199.18 2.65
138.8343 198.55 1.08
139.9500 192.75 0.19
142.3606 196.51 0.95
143.6513 194.59 2.65
144.7996 196.02 2.65
146.1082 193.59 0.64
148.2335 195.81 4.05
149.4661 201.78 2.65
150.5949 202.51 2.65
151.4449 202.35 1.86
153.7747 198.78 1.73
154.8891 196.30 2.65
156.3068 189.38 2.65
158.6660 189.00 3.00
159.7160 185.50 3.00
160.1550 187.50 3.00
163.8580 204.30 3.00
164.3347 196.50 3.00
166.1430 191.60 3.00
166.7840 190.10 3.00
167.9141 186.70 3.00
168.7455 183.80 3.00
169.5144 196.60 3.00
171.9390 197.80 3.00
174.4420 197.70 3.00
175.8333 196.00 3.00
176.8530 190.30 3.00
177.5339 189.40 3.00
177.7295 190.10 3.00
179.8730 207.70 3.00
181.3020 213.20 3.00
182.1960 217.70 3.00
183.2580 198.10 3.00
184.3710 199.70 3.00
186.4110 203.40 3.00
188.4370 210.70 3.00
189.8065 231.30 3.00
191.2545 231.40 3.00
191.9641 220.30 3.00
193.0745 218.00 3.00
195.1265 226.50 3.00
195.7995 220.00 3.00
197.5874 226.40 3.00
198.3274 241.20 3.00
198.9380 242.60 3.00
201.7520 250.90 3.00
202.7445 239.10 3.00
203.8420 247.60 3.00
205.2033 244.40 3.00
205.5758 231.90 3.00
205.9446 232.20 3.00
206.3599 228.60 3.00
206.8968 226.30 3.00
207.2403 229.40 3.00
207.6229 231.40 3.00
208.1088 238.10 3.00
208.2745 237.20 3.00
208.8216 230.00 3.00
209.0823 240.50 3.00
209.4450 242.20 3.00
209.9661 244.60 3.00
210.1752 243.90 3.00
210.8321 247.20 3.00
211.0585 252.00 3.00
211.5778 246.90 3.00
212.0787 239.50 3.00
212.5331 257.40 3.00
213.3304 243.40 3.00
214.1588 251.20 3.00
215.0807 241.40 3.00
215.9123 240.30 3.00
216.3062 242.60 3.00
216.8650 247.50 3.00
217.4156 251.70 3.00
217.6950 251.10 3.00
218.2008 245.30 3.00
219.0676 240.50 3.00
220.9356 214.10 3.00
221.6975 216.10 3.00
222.5396 207.10 3.00
223.1290 208.80 3.00
224.2715 205.60 3.00
226.2598 203.30 3.00
226.8498 215.70 3.00
227.7200 235.50 3.00
228.4394 234.50 3.00
228.7670 233.10 3.00
229.5720 224.50 3.00
231.1297 232.40 3.00
232.1918 233.90 3.00
232.8561 241.60 3.00
235.9909 245.20 3.00
236.4260 252.10 3.00
236.8508 241.40 3.00
237.3917 247.40 3.00
237.9055 243.10 3.00
238.4253 239.10 3.00
239.0083 245.60 3.00
239.3870 245.80 3.00
239.7387 247.40 3.00
240.1904 252.80 3.00
241.3330 259.70 3.00
241.8554 263.20 3.00
242.6855 279.00 3.00
243.1385 280.20 3.00
244.1218 263.70 3.00
244.5823 252.30 3.00
245.0570 249.90 3.00
245.5640 236.70 3.00
246.1888 230.40 3.00
246.8705 219.40 3.00
249.0999 214.70 3.00
251.3906 200.20 3.00
252.1323 213.90 3.00
252.9537 195.40 3.00
253.7567 196.70 3.00
254.5871 195.40 3.00
256.2987 199.00 3.00
257.0606 201.90 3.00
257.9081 204.00 3.00
259.3969 203.90 3.00
260.8942 209.60 3.00
261.2939 205.70 3.00
262.0546 208.90 3.00
262.8171 214.60 3.00
264.5838 228.10 3.00
266.1345 199.90 3.00
267.0070 211.70 3.00
268.2578 188.70 3.00
268.9955 187.20 3.00
269.9405 194.20 3.00
271.0360 198.80 3.00
272.1496 184.70 3.00
273.1658 190.40 3.00
274.1641 193.90 3.00
275.1546 194.10 3.00
276.2577 198.40 3.00
277.4430 193.20 3.00
278.5909 202.20 3.00
279.6190 204.50 3.00
280.5590 211.00 3.00
281.4007 215.30 3.00
282.5929 223.70 3.00
284.4347 231.30 3.00
285.9313 228.00 3.00
286.6100 226.40 3.00
287.4439 231.40 3.00
287.8201 230.40 3.00
288.2864 231.00 3.00
290.1845 234.90 3.00
290.8638 220.40 3.00
291.5629 217.10 3.00
292.8183 207.60 3.00
293.6507 206.00 3.00
294.4553 206.70 3.00
295.3642 212.70 3.00
296.8289 213.10 3.00
298.7046 217.10 3.00
299.3763 224.40 3.00
300.1159 231.00 3.00
301.0256 236.10 3.00
302.0842 239.00 3.00
303.1160 236.00 3.00
304.1009 240.20 3.00
305.0998 240.70 3.00
305.7782 250.20 3.00
306.5811 248.60 3.00
307.4633 244.80 3.00
308.3257 225.80 3.00
309.4237 227.80 3.00
310.0110 226.20 3.00
310.7761 233.20 3.00
311.6700 237.80 3.00
312.5934 239.00 3.00
313.3431 241.90 3.00
314.0519 251.60 3.00
314.8362 256.70 3.00
315.6575 257.10 3.00
316.4507 246.80 3.00
317.1499 272.60 3.00
317.9325 251.60 3.00
318.8526 245.20 3.00
319.8297 233.40 3.00
320.9163 255.80 3.00
321.8174 249.20 3.00
323.3833 257.20 3.00
324.1669 260.40 3.00
325.0074 260.30 3.00
325.8230 260.50 3.00
326.5911 266.20 3.00
327.4358 264.00 3.00
328.0868 266.10 3.00
328.7708 270.10 3.00
329.4143 271.90 3.00
330.0533 275.10 3.00
331.2936 265.00 3.00
332.1441 271.70 3.00
332.7986 272.60 3.00
333.5001 273.10 3.00
333.9976 282.40 3.00
334.3495 289.10 3.00
334.5439 288.40 3.00
335.1023 298.60 3.00
335.7075 278.10 3.00
336.3775 285.80 3.00
336.8678 278.60 3.00
337.5167 270.50 3.00
338.2135 255.70 3.00
338.9914 241.90 3.00
339.9839 239.60 3.00
340.7351 234.20 3.00
342.7916 250.10 3.00
343.9236 200.70 3.00
345.0009 205.20 3.00
346.3209 204.80 3.00
347.5448 211.90 3.00
349.1391 220.30 3.00
351.6763 221.10 3.00
353.1746 216.20 3.00
354.4130 209.40 3.00
355.8178 209.20 3.00
359.0104 193.00 3.00
360.6838 186.10 3.00
362.5676 185.80 3.00
365.1902 201.20 3.00
368.0659 206.30 3.00
371.3859 201.90 3.00
373.4576 199.90 3.00
375.2046 214.70 3.00
377.0349 224.60 3.00
378.7602 229.60 3.00
382.9315 227.00 3.00
384.5574 240.00 3.00
386.2837 239.10 3.00
387.8248 246.80 3.00
389.4102 245.80 3.00
392.2872 258.10 3.00
392.9772 259.50 3.00
394.0037 273.60 3.00
394.9061 260.70 3.00
398.2751 276.30 3.00
399.9262 277.10 3.00
400.7101 283.20 3.00
402.1409 283.10 3.00
402.8598 275.70 3.00
404.3133 276.50 3.00
405.0626 280.50 3.00
406.5428 279.60 3.00
407.2825 285.60 3.00
408.8187 284.50 3.00
409.5982 274.70 3.00
410.4538 282.60 3.00
411.3480 283.50 3.00
413.2587 274.90 3.00
414.2109 264.90 3.00
415.1796 271.60 3.00
415.9456 276.40 1.60
416.4253 271.70 1.20
417.4404 273.40 1.50
417.9568 271.80 1.70
418.5053 274.60 1.80
419.5758 273.70 0.80
420.1338 271.20 1.50
420.7018 273.80 1.60
421.9121 268.60 1.40
422.5327 266.40 1.80
423.2255 270.60 1.10
424.5077 267.70 2.90
425.1323 268.30 1.90
425.7409 270.80 1.10
426.2373 270.00 2.50
426.6216 265.40 2.00
427.1550 255.30 1.30
427.9414 252.10 0.70
428.8402 248.20 0.90
429.1784 242.50 1.50
431.0238 219.70 1.70
432.1793 227.20 2.20
433.8503 211.50 1.70
434.3791 207.60 1.30
435.9397 209.80 1.60
437.4854 207.50 1.30
439.0634 200.30 1.60
440.6596 201.70 1.60
442.2308 201.30 1.10
443.8446 202.00 1.50
445.3317 199.10 1.10
447.2192 201.10 0.90
448.4592 203.50 0.60
449.5710 208.10 1.80
450.6429 201.70 1.70
451.7473 201.20 2.10
452.7358 204.90 1.40
453.7756 201.90 1.80
454.8643 198.40 1.30
456.0016 193.30 1.60
457.1144 192.50 1.00
457.7451 199.10 0.60
458.2083 204.30 1.00
458.7940 203.30 1.00
459.2116 208.30 1.40
460.2522 202.40 1.30
461.2861 195.50 0.80
462.4141 190.70 1.90
463.5266 194.40 0.70
464.5995 199.90 2.60
465.2654 205.20 0.90
465.6017 210.00 0.70
466.6323 208.10 2.20
467.7066 204.40 1.90
468.8777 203.40 1.20
470.0401 205.50 0.90
470.7260 206.50 0.90
471.2008 215.50 2.30
471.8245 218.70 0.90
472.2631 229.20 1.40
472.8633 232.70 0.70
473.2178 243.70 1.80
473.8008 243.90 1.10
474.0924 245.60 0.90
474.9741 241.20 1.70
475.9252 233.10 0.60
476.9498 232.80 1.10
477.9410 236.60 1.00
478.8925 239.10 0.90
479.4030 236.50 1.20
479.7757 231.30 1.00
480.3283 220.80 0.70
480.7267 218.80 2.30
481.6630 223.80 1.40
482.5810 223.40 1.70
483.3954 227.30 1.30
484.1798 231.40 1.10
484.9362 231.40 1.30
485.6675 231.20 1.20
486.3987 233.00 1.40
487.1293 232.90 1.20
487.8481 231.30 1.20
488.5655 237.10 1.80
489.3021 242.00 0.20
489.7198 240.90 0.40
490.0263 252.80 2.50
490.4949 249.30 2.70
490.7340 242.60 0.60
491.4511 243.30 1.30
492.1545 246.70 1.60
492.8638 243.70 1.40
493.5931 239.70 1.90
494.3004 239.10 1.20
495.0241 238.30 2.00
495.7257 238.50 1.40
496.4441 237.60 1.60
497.1876 236.40 2.10
497.9660 236.50 1.70
498.7374 232.80 0.80
499.5268 230.60 0.50
500.3048 230.80 1.00
501.0840 228.20 1.70
501.8614 230.80 1.40
502.6376 231.20 0.80
503.4189 232.00 1.60
504.1772 232.20 1.40
504.9118 234.10 0.80
505.6842 233.90 1.10
506.4837 235.50 1.80
507.3124 236.00 2.10
508.1177 238.20 0.90
508.9410 237.00 0.80
509.7850 240.30 0.70
510.6523 233.40 1.00
511.5124 236.40 1.40
512.3638 235.20 0.50
513.2047 242.00 0.80
514.0331 238.20 1.00
514.8478 239.20 1.20
515.6508 241.50 1.30
516.4210 243.00 0.50
517.1550 247.20 2.20
517.8760 246.20 2.60
518.6005 245.50 1.10
519.3291 245.30 1.30
520.0734 247.70 1.40
520.8218 245.50 0.80
521.5745 243.50 0.70
523.8018 241.90 1.40
524.5709 236.80 0.80
525.3370 235.80 1.20
526.1070 233.70 0.70
526.8958 230.30 0.80
527.6987 227.80 0.60
528.5167 224.70 1.90
529.4034 222.70 1.00
530.2905 221.20 1.20
531.2014 220.30 0.50
532.0788 220.70 0.90
532.5925 214.50 0.50
532.9876 211.40 2.20
533.5544 204.40 0.60
533.9322 200.00 0.80
534.6682 195.10 0.70
535.0436 193.80 0.80
535.6951 190.50 1.70
536.1785 199.80 1.20
537.3345 199.40 0.80
538.4408 205.00 0.90
539.5138 206.40 0.70
540.5838 212.90 1.30
541.6538 211.20 0.70
542.7402 205.00 0.80
543.8449 203.60 1.20
544.8860 208.10 0.80
545.8649 210.30 1.60
546.8301 209.60 1.60
547.8067 209.70 0.80
548.7708 204.60 1.90
549.7201 202.50 1.60
550.2307 208.80 0.70
550.5825 213.60 0.90
551.3811 215.20 0.50
552.1111 219.90 0.50
552.6816 221.70 1.40
553.0209 222.30 0.90
553.2460 226.30 0.90
553.6194 222.10 1.10
553.8087 220.30 0.30
554.4796 223.60 1.10
555.1583 224.30 2.20
555.8423 226.70 1.20
556.4070 233.90 1.50
556.9233 241.00 1.40
557.1987 243.00 0.80
557.3851 249.10 2.10
557.6571 244.00 1.50
557.8382 250.50 0.80
558.1546 245.60 1.30
558.3060 240.40 0.90
558.7777 238.10 1.20
559.3160 234.50 1.00
559.6368 229.70 0.40
559.8726 230.20 0.70
560.4366 230.30 1.50
560.9656 228.30 0.90
561.4507 231.60 1.20
561.8881 231.90 1.20
562.3105 234.60 1.50
562.6556 234.10 0.90
563.1349 240.10 2.10
563.5357 242.30 0.50
563.9279 245.70 1.80
564.3106 245.80 0.50
564.7244 247.60 1.50
565.1343 251.40 1.70
565.5390 252.40 1.70
565.8956 252.60 1.00
566.2453 251.40 0.70
566.5886 253.70 0.80
566.9184 254.30 1.60
567.2395 253.90 0.70
567.5487 254.50 1.60
567.8849 253.20 0.90
568.2041 253.90 1.20
568.5342 252.80 1.10
568.9301 253.00 0.60
569.3146 250.20 0.40
569.6839 251.30 1.30
570.0672 250.00 1.30
570.4635 251.30 1.30
570.8621 251.80 1.20
571.2614 251.80 1.30
571.6334 249.60 0.50
571.9747 251.60 1.70
572.3155 250.30 1.04
572.6699 246.31 1.15
573.0535 247.66 0.68
573.4757 249.19 1.08
573.9130 248.72 0.39
574.3647 251.77 1.78
574.8060 251.86 0.70
575.2340 252.08 1.30
575.6545 248.86 0.98
576.1128 252.54 0.52
576.5991 252.90 1.06
577.1151 251.30 1.06
577.6539 251.34 1.13
578.1963 251.08 0.60
578.7423 249.06 0.48
579.2805 252.92 1.07
579.8331 251.47 1.80
580.2105 244.14 1.67
580.4018 243.81 0.87
580.8140 236.17 0.30
581.1186 230.26 0.57
581.5465 225.21 1.57
581.9283 219.41 0.81
582.4545 215.45 1.07
582.8363 209.88 1.18
583.5743 206.68 0.51
583.9588 210.64 0.64
586.7208 223.96 0.87
587.1718 225.99 1.45
587.8887 234.40 0.50
588.2793 238.78 0.98
588.9409 246.35 1.80
589.4254 250.20 0.40
590.0401 248.10 0.56
590.4888 243.56 0.76
591.0195 237.38 0.75
592.3835 225.68 1.13
592.7855 229.39 1.25
593.5612 233.16 0.28
594.0468 238.15 0.89
594.8638 237.98 1.05
595.4365 232.92 0.60
596.2216 221.22 1.77
596.7911 216.44 0.91
597.8036 216.27 1.48
598.3297 219.02 1.00
599.2182 225.97 1.14
599.8146 229.38 1.39
601.2551 232.45 1.30
602.6008 237.86 0.79
603.9492 239.14 1.09
605.3031 244.53 0.70
606.6259 248.48 1.68
607.9793 254.58 1.22
609.2473 259.22 1.82
610.4295 257.74 0.46
611.5510 257.82 2.11
611.6006 259.68 1.16
612.7620 258.14 1.41
613.9428 256.19 0.39
615.1406 252.75 1.06
616.2991 252.90 0.62
616.3566 252.73 0.94
617.6096 252.64 1.06
618.9537 248.29 1.00
620.2837 245.89 0.29
621.6515 243.53 0.81
622.9507 243.89 2.84
623.0549 239.19 0.83
624.4969 237.93 1.02
625.3979 235.02 0.35
626.0475 228.51 0.88
626.9694 215.71 0.48
627.8301 205.76 0.94
629.1396 199.52 0.77
629.7699 205.27 0.87
629.8661 200.78 0.50
631.5263 200.46 1.81
632.3569 196.50 1.51
634.0775 193.10 1.55
634.8811 195.95 1.53
635.0090 194.86 1.76
636.5216 194.00 0.66
637.7144 195.33 1.85
639.4183 188.85 0.96
640.3722 190.18 0.50
642.0746 191.38 1.05
642.8567 191.56 1.13
644.3008 195.31 1.25
645.1506 195.82 0.95
646.3769 189.89 2.02
647.2548 191.85 1.00
648.6124 193.48 0.74
649.1911 196.17 0.44
650.3485 189.25 1.22
650.9471 193.44 0.71
652.1043 187.27 0.54
652.7090 186.79 0.97
653.7302 192.87 1.85
654.4387 194.82 0.98
655.5243 200.00 0.53
656.1326 200.35 0.75
657.1811 192.93 0.65
657.6542 189.23 1.78
657.7220 190.88 0.87
658.7641 184.10 0.29
659.2938 187.38 1.06
659.4119 185.68 0.41
660.4635 188.43 0.95
661.1183 193.97 0.99
661.2159 191.59 0.77
662.2822 189.69 1.52
662.7966 193.91 2.12
662.8776 190.86 1.02
663.9375 191.02 1.20
664.3204 192.55 1.30
664.4081 187.77 0.83
665.3219 180.17 1.12
665.8365 180.54 1.12
666.7534 174.77 1.04
667.4099 173.71 1.38
668.4153 177.71 0.68
668.9155 180.67 0.71
669.8193 187.66 0.18
670.2963 191.51 0.92
671.0707 194.88 0.97
671.4579 196.83 0.69
672.1509 194.79 0.58
672.7614 197.13 0.99
673.6961 201.12 1.00
674.2294 204.67 0.73
675.0284 211.69 0.58
675.4065 216.12 0.81
676.5307 222.57 0.76
677.1523 219.96 0.61
677.6007 216.59 0.93
678.3282 218.21 1.38
678.7416 220.09 1.52
679.4554 229.16 0.81
679.7352 232.70 0.90
680.3126 233.61 0.55
680.6276 233.11 1.16
681.2257 225.81 1.21
681.6699 227.90 1.32
682.3437 221.31 0.89
682.7401 219.14 0.95
683.4579 220.24 1.68
683.8288 222.70 0.60
684.4237 225.64 1.65
684.7581 224.36 1.29
685.2948 221.82 0.77
685.6799 220.62 0.70
686.2691 220.63 1.39
686.5818 222.62 1.05
687.1540 222.70 1.05
687.4455 222.97 1.24
688.0004 226.73 1.00
688.3001 227.65 1.34
688.8099 227.64 1.14
689.1578 230.67 1.66
689.6933 232.07 1.29
689.9515 232.27 1.49
690.4747 235.80 0.99
690.7364 236.45 0.53
691.2218 239.29 1.05
691.4677 238.42 1.24
691.9680 239.38 1.95
692.3183 243.56 0.56
692.8325 239.30 1.27
693.0771 238.47 2.15
693.5740 243.70 2.10
693.8213 237.76 0.84
694.2803 239.34 0.99
694.5368 240.46 0.71
694.9491 239.31 0.91
695.2593 239.80 1.42
695.7323 236.80 0.57
695.9819 238.74 1.46
696.4349 238.05 1.52
696.6448 238.13 1.28
697.0903 239.44 0.96
697.3425 238.42 1.11
697.7467 239.88 1.27
698.0390 241.03 0.79
698.5055 240.90 1.92
698.7532 241.83 0.73
699.2158 238.86 1.02
699.4390 239.01 0.65
699.8647 239.73 0.80
700.1037 237.21 0.55
700.4850 236.72 0.65
700.8148 236.61 0.48
701.2685 235.42 0.97
701.5245 232.46 0.54
701.9931 230.88 1.02
702.2009 232.16 0.75
702.7343 232.18 1.62
703.0100 230.59 0.26
703.4685 233.35 1.26
703.7961 232.28 1.12
704.2505 232.83 0.52
704.5818 233.54 1.36
705.0533 234.04 0.46
705.2439 235.09 1.68
705.7270 237.18 1.33
706.0532 237.66 1.57
706.4930 236.05 1.75
706.7107 236.05 0.93
707.3107 238.85 0.80
707.6437 233.51 1.46
708.1997 233.58 1.00
708.4134 233.11 1.01
708.9592 234.84 1.15
709.4538 231.43 0.86
709.9095 230.51 0.99
710.4565 227.03 0.73
710.9834 224.90 0.62
711.3990 225.39 0.29
712.0215 224.12 1.49
712.2437 224.00 1.45
713.3125 223.89 0.47
714.0656 227.64 1.61
714.4038 227.08 2.01
715.1157 223.14 0.59
715.5654 227.58 0.55
716.3102 213.60 0.66
716.5859 210.51 1.65
717.3483 198.43 1.17
717.9555 189.88 1.13
718.7783 193.46 1.64
719.2872 200.82 0.75
720.0873 212.03 0.84
720.5908 217.04 0.90
721.4075 219.20 1.18
721.6899 218.96 1.27
722.5058 216.10 2.02
722.9946 212.11 0.69
723.7802 212.55 1.77
724.1420 214.01 1.19
724.9754 210.48 0.37
725.4744 211.49 1.28
726.2496 211.08 1.07
726.5769 211.43 0.77
727.8985 210.07 1.62
728.5939 210.24 0.83
728.9875 211.08 0.78
729.8369 210.01 1.01
730.2603 212.17 1.72
730.9083 210.16 0.69
731.1842 210.70 0.34
731.8610 211.62 0.36
732.3217 213.73 1.89
732.9935 208.11 1.24
733.3290 207.72 0.81
734.0222 210.60 1.03
734.4626 216.15 1.81
735.1346 214.66 0.71
735.4099 217.88 0.83
736.1073 217.19 1.38
736.5222 213.14 1.66
737.2698 206.92 1.56
737.6601 204.52 1.49
738.5810 191.74 0.93
739.1746 185.61 0.33
740.1065 185.40 2.38
740.4609 183.39 2.40
741.3299 184.77 2.07
741.8741 189.14 1.31
742.6447 188.65 2.71
743.0622 187.33 0.72
743.9591 188.18 0.91
744.5231 188.97 0.90
745.6710 187.29 1.24
746.6199 190.24 0.42
747.1770 187.92 0.32
747.9402 187.95 1.27
748.3369 187.54 0.84
749.2629 188.68 1.26
749.8142 190.17 1.76
750.7064 192.08 1.57
751.0362 191.30 1.38
751.9739 193.55 1.88
752.5659 197.50 1.30
753.4891 195.43 0.34
753.9347 203.90 1.84
755.1146 199.05 1.70
755.5868 203.30 1.53
756.5662 208.10 1.96
756.8507 209.45 1.36
757.7855 213.61 2.15
758.3624 218.35 2.34
759.1357 222.72 1.50
759.5619 226.94 1.42
759.8782 223.02 0.68
760.1083 225.37 1.75
760.5161 225.62 2.33
760.9399 222.71 1.23
761.8645 216.64 0.75
762.1660 214.69 1.12
763.1018 214.00 1.86
763.7706 219.95 0.23
764.6769 223.89 2.06
765.1818 222.93 0.92
765.5866 233.66 3.05
765.8515 229.41 2.67
766.1885 232.12 1.38
766.8089 230.62 0.89
767.7472 224.86 1.56
768.1173 223.82 0.51
769.0614 221.64 0.41
769.6514 225.87 0.95
770.5991 230.63 2.11
771.0207 229.56 1.80
771.5193 236.32 1.64
771.8127 234.24 1.61
772.1753 239.71 1.87
772.4746 243.89 1.10
772.7380 246.49 2.17
772.9956 243.85 2.09
773.2498 246.03 2.45
773.6845 237.78 1.51
774.0441 239.23 1.00
774.9588 238.39 2.26
775.5380 241.74 0.87
776.3323 245.32 0.36
776.7827 248.92 0.63
777.6817 247.30 2.01
778.2328 252.46 0.67
779.0580 254.93 0.48
779.3675 254.69 1.13
780.1889 254.43 2.36
780.7194 252.52 0.93
781.5628 257.21 0.60
781.8867 251.51 0.70
782.7284 257.44 0.65
783.1985 255.02 1.06
784.2618 260.92 2.51
785.0341 255.85 0.66
785.5191 259.66 0.24
786.1896 262.23 2.57
786.5633 264.35 1.38
787.3555 269.36 1.26
787.8036 266.00 0.73
788.4792 257.20 1.52
788.6919 257.02 2.69
789.4940 238.64 0.78
789.9530 235.49 2.99
790.6394 227.38 0.84
791.0569 230.55 1.77
792.0308 224.69 3.67
792.6173 214.45 2.53
793.5194 213.36 1.60
793.8528 218.39 1.93
795.1225 208.79 1.67
795.6873 204.62 1.99
796.8526 198.79 2.10
797.3788 197.91 1.42
798.6813 200.49 2.19
801.2361 198.68 1.74
802.8721 198.66 0.98
803.7093 202.65 1.04
803.9253 202.92 2.06
804.0099 207.50 0.92
804.5227 204.86 1.64
805.1324 202.23 0.69
805.6689 207.29 2.20
